Pm    kf cont                     								uncertainty of										       rundir
                   alp11                 alp22                    alp12                 alp21               eta11                 eta22                eta12              eta21
0.01 1.5  +   0.22678838531108772  0.21814320680245158   0.015249972004231643  0.11788641292608718   0.3183532936090115   0.27594456225421926   0.02085729720839409  0.05118458125715536    pm001_kf1
0.05 1.5      0.24781433626173183  0.11104277854454214   0.10822161733257155   0.029570427064448464  0.1520331390842372   0.08533546220473631   0.05937661066405675  0.01563320043981746    pm005_kf1
0.1  1.5      0.25838130000056364  0.10426450713804469   0.13051838135728633   0.02574098706545762   0.15957742904123473  0.07340022408780467   0.05842614700894176  0.04244298449390867    pm1e-1_kf1
0.2  1.5      0.2687826845032573   0.09687179472519047   0.14350229092839012   0.0327928136117826    0.1626144232686928   0.06320732886170388   0.06122871020476869  0.04355636470090197    pm02_kf1
0.5  1.5      0.28057728834425955  0.0956781439675698    0.14421384724737452   0.03757385777687221   0.16028322423305852  0.05831224382048639   0.06051106421180534  0.05038454140171298    pm01_kf1
1    1.5      0.28349259314779696  0.10478978607675882   0.14536391794930564   0.03859263533656572   0.15927020711298456  0.053094239652285324  0.06386793019062043  0.05264831374740554    pm1,pm1_kf1 
2    1.5  +   0.5792147532822531   0.19807496112505463   0.28613270400731816   0.14800226854211293   0.10790492532593277  0.23469047692586154   0.10119959753361457  0.08521766936943401    pm2_kf1
5    1.5  +   0.39845333069797684  0.17902682268455872   0.18465887929207223   0.10821691255117798   0.10490199818998414  0.13981078696095506   0.04634195996421171  0.0403320126972016     pm5_kf1
10   1.5  m


0.01  5   +   0.06057280323970199  0.06999697453689996   0.006868497697412361 0.006381337635850776 0.02533491528806424   0.02692372893208385  0.0016960994282797395 0.0007400837074638678   pm001
0.05  5       0.04609652217968607  0.04438164525470478   0.007078844515659586 0.022164111547675846 0.0048843979345512545 0.007384641670055481 0.007101263365183073  0.01079953426030337     pm005
0.1   5   m
0.2   5       0.036952057095533286 0.035549313802209825  0.017674999369917746 0.04177568567064402  0.015693896691192477  0.027618060123476174 0.017853045578905716  0.010933777314293871    pm02
0.5   5       0.025801003767445985 0.04254253829302379   0.017883710868532517 0.048527470879224474 0.020264577907880332  0.030369659017151274 0.026920866293862634  0.0021264293087590058   pm01
1     5   m
2     5       0.015629079512789024 0.01906657490950925   0.019430259102991496 0.028336091170007814 0.057395232097744275 0.04275210088940057   0.03789961347872556   0.02337270377942763     pm2
5     5       0.008884962620127723 0.013476914889119507  0.01203077499192884  0.0246561479357639   0.055496187678000686 0.0410660732606446    0.03511525329352861   0.0214242347626453      pm5
10    5       0.005157670970021622 0.012822522288434834  0.024476458996275124 0.025484074844733886 0.05385060948775261  0.04033015682194979   0.031009442856777807  0.02282384507913443     pm10
